vesselCount = 0
UT = 1816.6811163319828
gameMode = CAREER
gameNull = False
gameCompatible = True
funds = 218379.8275856972
science = 16
reputationPercent = 3
ongoingContracts = 1
missionCurrentScore = 0
missionIsStarted = False
missionIsEnded = False
missionHistoryId = 00000000-0000-0000-0000-000000000000
missionExpansionVersion = 
saveMD5 = 24d8cb655d6de123ec6e18ed564c2d06
